0.1.0-incubating
0.2.0-incubating
0.3.0-incubating
0.3.0-incubating
0.4.0
0.5.0
0.5.0
1
1
1.0
1.0
1.0
1.0
1.0
1.0
1.0
1.0
1.0
1.0
1.0
1.0.0
1.0.1
1.0.9
1.1
1.1
1.1
1.1
1.1
1.1
1.1
1.1
1.1
1.1
1.1
1.1.0
1.10
1.10
1.10.0
1.10.0
1.11
1.11
1.12
1.12
1.13
1.13
1.14
1.15
1.16
1.16.1
1.17
1.18
1.19
1.2
1.2
1.2
1.2
1.2
1.2
1.2.0
1.20
1.21
1.22
1.23.0
1.24.0
1.3
1.3
1.3
1.3
1.3
1.3
1.3
1.3
1.3
1.3.1
1.3.2
1.3.2
1.3.3
1.4
1.4
1.4
1.4
1.4
1.4
1.4.1
1.5
1.5
1.5
1.5
1.5
1.6
1.6
1.6
1.6
1.6
1.7
1.7
1.7
1.7
1.8
1.8
1.8
1.8
1.8.0
1.8.1
1.8.1
1.9
1.9
1.9
1.9.0
10
10
11
12
13
14
15
16
17
18
19
2
2
2.0
2.0
2.0
2.0
2.0
2.0
2.0
2.0.0-M1
2.0.1
2.0.1
2.1
2.1
2.1
2.1
2.1
2.1
2.1.1
2.1.1
2.1.1
2.10.0
2.10.0
2.11.0
2.11.1
2.2
2.2
2.2
2.2
2.2.0
2.2.1
2.3
2.3
2.3
2.3
2.3.0
2.4
2.4
2.4
2.4.0
2.4.1
2.4.1
2.4.2
2.4.3
2.5
2.5.0
2.5.0
2.5.0
2.6
2.6.0
2.6.0
2.6.0
2.6.1
2.6.2
2.7
2.7.0
2.7.0
2.7.0
2.8.0
2.8.0
2.8.0
2.8.1
2.9.0
2.9.0
2.9.0
2.9.0
20
21
22
23
24
25
26
27
28
29
3
3
3
3.0
3.0
3.0
3.0
3.0.1
3.1
3.1
3.1
3.1
3.1
3.1.1
3.10
3.11
3.12.0
3.13.0
3.2
3.2
3.2
3.2
3.2.1
3.2.1
3.3
3.3
3.3
3.3.1
3.3.2
3.4
3.4
3.4.1
3.5
3.5
3.6
3.6
3.6.1
3.7
3.8
3.8.1
3.9
30
31
32
33
34
35
36
37
38
39
4
4
4
4.0
4.1
4.1
4.2
4.2
4.3
4.4
40
41
42
43
44
45
46
47
48
49
5
5
50
51
52
53
54
55
56
57
58
59
6
6
60
61
62
7
7
8
9
9
